Instance name:	DI-NEARP-n833-Q16k
EA number of generations:	506300
EA time used:	13584.43s
EA best genome:	[1599, 1400, 1154, 1176, 1367, 1320, 112, 1319, 218, 1579, 60, 331, 149, 111, 290, 1593, 1490, 298, 1381, 1370, 77, 1180, 69, 1228, 1269, 321, 1444, 106, 1417, 1580, 1346, 334, 272, 1298, 1562, 1598, 1525, 161, 1175, 269, 1192, 1194, 248, 271, 1446, 1292, 1447, 92, 299, 1459, 1498, 1207, 1499, 1242, 173, 1137, 148, 262, 182, 234, 1310, 205, 241, 178, 233, 265, 195, 1533, 1191, 1443, 1120, 1308, 221, 1566, 1455, 172, 1257, 192, 1342, 338, 1592, 1333, 1391, 113, 23, 1509, 1289, 1224, 1316, 1594, 1216, 1590, 341, 336, 238, 1339, 1448, 1543, 1150, 1451, 1234, 343, 1260, 181, 281, 1331, 142, 322, 243, 1478, 1464, 1256, 1568, 312, 169, 1183, 1541, 1603, 212, 287, 333, 244, 1588, 1350, 1271, 1476, 70, 1205, 276, 30, 1145, 1294, 1366, 1386, 1335, 1233, 138, 1328, 1324, 1532, 1410, 1529, 167, 1304, 303, 1372, 1198, 329, 1511, 1500, 65, 1351, 286, 86, 1280, 1179, 1273, 1555, 1379, 201, 1203, 300, 1344, 1604, 1477, 1148, 1332, 1352, 1295, 332, 1143, 1371, 1581, 50, 1185, 21, 1248, 31, 118, 1235, 1396, 1378, 1461, 247, 1561, 129, 1454, 1595, 1513, 1136, 314, 1285, 1412, 1465, 1302, 1214, 1356, 1140, 20, 1440, 1312, 1484, 1408, 1297, 1122, 150, 1453, 246, 302, 296, 326, 1349, 288, 1442, 344, 1365, 14, 1489, 79, 1162, 75, 1262, 49, 1403, 220, 252, 1584, 109, 16, 1486, 1130, 1368, 126, 1411, 253, 1270, 158, 1301, 1249, 1418, 327, 1563, 187, 1414, 133, 1445, 41, 123, 5, 1507, 151, 1573, 211, 1530, 1303, 1521, 1313, 25, 320, 1222, 1149, 107, 1449, 285, 1126, 156, 1388, 12, 1258, 263, 1215, 139, 1548, 1514, 1151, 35, 1538, 1160, 224, 1153, 1121, 1420, 1577, 6, 105, 199, 1223, 159, 1322, 1264, 1586, 119, 1567, 1597, 337, 1531, 94, 1184, 1550, 1141, 292, 1268, 1138, 1211, 307, 53, 140, 1152, 146, 9, 183, 1164, 1278, 61, 240, 1419, 1438, 1170, 229, 1481, 1526, 1487, 67, 1399, 1300, 1545, 1570, 242, 1142, 55, 90, 98, 1401, 289, 1290, 1247, 1132, 1557, 1559, 1326, 1534, 310, 184, 141, 206, 177, 186, 1466, 1336, 37, 1123, 1229, 188, 1527, 1422, 1334, 1345, 1495, 1196, 1357, 227, 203, 204, 42, 1475, 268, 117, 1488, 1158, 189, 157, 147, 226, 125, 1282, 144, 1267, 1416, 28, 1261, 335, 163, 136, 1173, 76, 1537, 1323, 45, 1314, 239, 316, 33, 29, 179, 1241, 1480, 135, 1523, 1287, 1458, 1433, 1587, 68, 48, 1246, 71, 1512, 1502, 1473, 1583, 277, 1517, 245, 1237, 1129, 1276, 249, 1572, 1463, 342, 1266, 1209, 225, 1479, 1133, 1373, 1522, 1238, 236, 1169, 18, 216, 259, 209, 323, 101, 231, 134, 1515, 127, 185, 1243, 1425, 1423, 1330, 304, 99, 232, 1482, 1186, 1485, 1558, 1585, 1135, 1227, 1327, 1283, 1457, 207, 180, 1139, 1430, 81, 1380, 143, 315, 11, 223, 1338, 319, 122, 1171, 261, 1355, 1347, 1382, 73, 4, 1556, 1200, 270, 1188, 274, 1596, 1398, 82, 1429, 115, 213, 214, 1576, 1575, 309, 175, 215, 1389, 345, 15, 110, 190, 284, 47, 1431, 1353, 1291, 1452, 1255, 1456, 114, 22, 1406, 1404, 1377, 1272, 104, 305, 1318, 1547, 1265, 191, 1450, 1397, 1393, 1504, 1157, 1307, 251, 1147, 291, 1219, 1245, 3, 328, 1279, 1462, 1390, 1193, 1321, 1230, 62, 294, 1494, 1470, 1520, 1161, 1293, 1155, 155, 1600, 24, 1220, 324, 1354, 1434, 1218, 131, 89, 1, 162, 39, 193, 40, 1284, 283, 1146, 1317, 1361, 1589, 1376, 1181, 1582, 1340, 260, 1497, 128, 1535, 80, 1306, 1591, 1259, 1426, 72, 1437, 339, 1305, 1516, 32, 93, 1208, 171, 1167, 1213, 1421, 1277, 256, 116, 210, 91, 1210, 1217, 95, 1165, 278, 228, 137, 1281, 1402, 1405, 1240, 1253, 83, 1407, 1197, 1501, 124, 1436, 293, 346, 250, 174, 1415, 230, 1127, 1427, 46, 1578, 1384, 301, 1166, 1503, 1254, 1182, 19, 1524, 2, 1506, 1601, 10, 97, 1274, 311, 1128, 308, 1236, 1546, 1468, 1387, 120, 57, 56, 1553, 1539, 52, 1187, 160, 237, 1195, 1239, 54, 85, 1424, 1131, 1432, 1518, 1519, 121, 1311, 1510, 1362, 145, 1212, 1413, 198, 88, 1505, 1491, 264, 317, 1574, 1496, 132, 166, 1385, 74, 1474, 1204, 84, 194, 1493, 64, 58, 1189, 1605, 51, 1467, 1163, 1569, 1231, 1275, 318, 275, 1348, 1124, 1341, 208, 1571, 1360, 197, 26, 219, 1337, 267, 1172, 1549, 1364, 1329, 1159, 254, 1564, 1565, 273, 130, 279, 1315, 1225, 1251, 280, 1206, 66, 235, 258, 152, 202, 176, 100, 44, 1536, 1226, 96, 154, 1435, 1125, 108, 1428, 330, 168, 1156, 1375, 1134, 27, 63, 266, 1168, 1552, 1460, 7, 257, 1472, 295, 103, 1471, 1395, 1369, 1392, 1250, 196, 1409, 1602, 282, 1439, 1232, 8, 1469, 1296, 1394, 1359, 1263, 1190, 102, 1374, 164, 1492, 1244, 1441, 1178, 1252, 200, 325, 38, 78, 1221, 1174, 43, 1363, 1288, 1554, 1144, 59, 1202, 1508, 34, 1309, 222, 1542, 1299, 36, 1560, 170, 1528, 1177, 153, 313, 1544, 1551, 1540, 1483, 87, 13, 297, 17, 1201, 217, 255, 340, 1383, 1358, 1325, 1343, 165, 306, 1286, 0, 1199]
EA best genome fitness:	399863.5128813302

EA param: MAX_GENERATIONS	= 9223372036854775807
EA param: MAX_GENERATIONS_WITHOUT_CHANGE	= 50000
EA param: POPULATION_SIZE	= 200
EA param: NUMBER_OF_CROSSOVER_PAIRS	= 100
EA param: FINTESS_TYPE	= GRAND_TOUR
EA param: PENALIZE_DEMAND_OUT_OF_ORDER	= true
EA param: RANDOM_MUTATION	= false
EA param: PARENT_SELECTION	= UNIFORM_SELECTION
EA param: ADULT_SELECTION	= FULL_REPLACEMENT
EA param: TOURNAMENT_SIZE	= 5
EA param: TOURNAMEN_SELECTION_PROBABILITY	= 0.8


EA best genome fitness when using split:	370453.0
EA trips from best tour splitted:
	Trip 0:	[1400, 1154, 1176, 1367, 1320, 112, 1319, 218, 1579, 60, 331, 149, 111, 290, 1593, 1490, 298, 1381, 1370, 77, 1180, 69, 1228, 1269, 321, 1444, 106, 1417, 1580, 1346, 334, 272, 1298, 1562, 1598, 1525, 161, 1175, 269, 1192, 1194, 248, 271, 1446, 1292, 1447, 92, 299, 1459, 1498, 1207, 1499, 1242, 173, 1137, 148, 262, 182, 234, 1310, 205, 241, 178, 233, 265, 195, 1533, 1191, 1443, 1120, 1308, 221, 1566, 1455, 172, 1257, 192, 1342, 338, 1592, 1333, 1391, 113, 23, 1509, 1289, 1224, 1316, 1594, 1216, 1590, 341, 336, 238, 1339, 1448, 1543, 1150, 1451, 1234, 343, 1260, 181, 281, 1331, 142, 322, 243, 1478, 1464, 1256, 1568, 312, 169, 1183, 1541, 1603, 212]
	Trip 1:	[333, 244, 1588, 1350, 1271, 1476, 70, 1205, 276, 30, 1145, 1294, 1366, 1386, 1335, 1233, 138, 1328, 1324, 1532, 1410, 1529, 167, 1304, 303, 1372, 1198, 329, 1511, 1500, 65, 1351, 286, 86, 1280, 1179, 1273, 1555, 1379, 201, 1203, 300, 1344, 1604, 1477, 1148, 1332, 1352, 1295, 332, 1143, 1371, 1581, 50, 1185, 21, 1248, 31, 118, 1235, 1396, 1378, 1461, 247, 1561, 129, 1454, 1595, 1513, 1136, 314, 1285, 1412, 1465, 1302, 1214, 1356, 1140, 20, 1440, 1312, 1484, 1408, 1297, 1122, 150, 1453, 246, 302, 296, 326, 1349, 288, 1442, 344, 1365, 14, 1489, 79, 1162, 75, 1262, 49, 1403, 220, 252, 1584, 109, 16, 1486, 1130, 1368, 126, 1411, 253, 1270, 158, 1301, 1249, 1418, 327, 1563, 187, 1414, 133, 1445, 41, 123, 5, 1507, 151, 1573, 211, 1530, 1303, 1521, 1313, 25, 320, 1222, 1149, 107, 1449, 285, 1126, 156, 1388, 12, 1258, 263]
	Trip 2:	[139, 1548, 1514, 1151, 35, 1538, 1160, 224, 1153, 1121, 1420, 1577, 6, 105, 199, 1223, 159, 1322, 1264, 1586, 119, 1567, 1597, 337, 1531, 94, 1184, 1550, 1141, 292, 1268, 1138, 1211, 307, 53, 140, 1152, 146, 9, 183, 1164, 1278, 61, 240, 1419, 1438, 1170, 229, 1481, 1526, 1487, 67, 1399, 1300, 1545, 1570, 242, 1142, 55, 90, 98, 1401, 289, 1290, 1247, 1132, 1557, 1559, 1326, 1534, 310, 184, 141, 206, 177, 186, 1466, 1336, 37, 1123, 1229, 188, 1527, 1422, 1334, 1345, 1495, 1196, 1357, 227, 203, 204, 42, 1475, 268, 117, 1488, 1158, 189, 157, 147, 226, 125, 1282, 144, 1267, 1416, 28, 1261, 335, 163, 136, 1173, 76, 1537, 1323, 45, 1314, 239, 316, 33, 29, 179, 1241, 1480, 135, 1523, 1287, 1458, 1433, 1587, 68, 48, 1246, 71, 1512, 1502, 1473, 1583, 277, 1517, 245, 1237, 1129, 1276, 249, 1572, 1463, 342, 1266, 1209, 225, 1479, 1133, 1373, 1522, 1238, 236, 1169, 18, 216, 259, 209, 323, 101, 231, 134, 1515, 127, 185, 1243, 1425, 1423, 1330, 304, 99, 232, 1482, 1186, 1485, 1558]
	Trip 3:	[1135, 1227, 1327, 1283, 1457, 207, 180, 1139, 1430, 81, 1380, 143, 315, 11, 223, 1338, 319, 122, 1171, 261, 1355, 1347, 1382, 73, 4, 1556, 1200, 270, 1188, 274, 1596, 1398, 82, 1429, 115, 213, 214, 1576, 1575, 309, 175, 215, 1389, 345, 15, 110, 190, 284, 47, 1431, 1353, 1291, 1452, 1255, 1456, 114, 22, 1406, 1404, 1377, 1272, 104, 305, 1318, 1547, 1265, 191, 1450, 1397, 1393, 1504, 1157, 1307, 251, 1147, 291, 1219, 1245, 3, 328, 1279, 1462, 1390, 1193, 1321, 1230, 62, 294, 1494, 1470, 1520, 1161, 1293, 1155, 155, 1600, 24, 1220, 324, 1354, 1434, 1218, 131, 89, 1, 162, 39, 193, 40, 1284, 283, 1146, 1317, 1361, 1589, 1376, 1181, 1582, 1340, 260, 1497, 128, 1535, 80, 1306, 1591, 1259, 1426, 72, 1437, 339, 1305, 1516, 32, 93, 1208, 171, 1167, 1213, 1421, 1277, 256, 116, 210, 91, 1210, 1217, 95, 1165, 278, 228, 137, 1281, 1402, 1405, 1240, 1253, 83, 1407, 1197, 1501, 124, 1436, 293, 346, 250, 174, 1415, 230, 1127, 1427, 46, 1578, 1384, 301, 1166, 1503, 1254, 1182, 19, 1524]
	Trip 4:	[1506, 1601, 10, 97, 1274, 311, 1128, 308, 1236, 1546, 1468, 1387, 120, 57, 56, 1553, 1539, 52, 1187, 160, 237, 1195, 1239, 54, 85, 1424, 1131, 1432, 1518, 1519, 121, 1311, 1510, 1362, 145, 1212, 1413, 198, 88, 1505, 1491, 264, 317, 1574, 1496, 132, 166, 1385, 74, 1474, 1204, 84, 194, 1493, 64, 58, 1189, 1605, 51, 1467, 1163, 1569, 1231, 1275, 318, 275, 1348, 1124, 1341, 208, 1571, 1360, 197, 26, 219, 1337, 267, 1172, 1549, 1364, 1329, 1159, 254, 1564, 1565, 273, 130, 279, 1315, 1225, 1251, 280, 1206, 66, 235, 258, 152, 202, 176, 100, 44, 1536, 1226, 96, 154, 1435, 1125, 108, 1428, 330, 168, 1156, 1375, 1134, 27, 63, 266, 1168, 1552, 1460, 7, 257, 1472, 295, 103, 1471, 1395, 1369, 1392, 1250, 196, 1409, 1602, 282, 1439, 1232, 8, 1469, 1296, 1394, 1359, 1263, 1190, 102, 1374, 164, 1492, 1244, 1441, 1178, 1252, 200, 325, 38, 78, 1221, 1174, 43, 1363, 1288, 1554, 1144, 59, 1202, 1508, 34, 1309, 222, 1542, 1299, 36, 1560, 170, 1528, 1177, 153, 313, 1544, 1551, 1540, 1483, 87, 13, 297, 17, 1201, 217, 255, 340, 1383, 1358, 1325, 1343, 165, 306, 1286, 0, 1199]

