Name:		2015-06-04_rute_310179_KV_H_Midtbyen
Optimal value:	-1
#Vehicles:	-1
Capacity:	16000
Depot Node:	9455
#Nodes:		516
#Edges:		444
#Arcs:		212
#Required N:	0
#Required E:	75
#Required A:	54

ReN.	DEMAND	S. COST

ReE.	FROM N.	TO N.	T. COST	DEMAND	S. COST
E146135169	6877	6871	4964	45.1319249308347	45.1319249308347
E146133567	11004	9660	487	4.42943252840405	4.42943252840405
E146136060	291	20057	6647	60.434571603966	60.434571603966
E146136311	4653	6893	6942	63.1133895740259	63.1133895740259
E146133810	8517	9422	7836	71.2389090745425	71.2389090745425
E146136312	6893	6876	11957	108.706899029344	108.706899029344
E146133837	8210	369	16674	166.745611534084	166.745611534084
E146135322	6888	6869	4470	40.6432304263738	40.6432304263738
E146137959	6897	3112	7565	68.7786919539954	68.7786919539954
E146135187	6890	6880	4983	45.3072502545455	45.3072502545455
E146136058	6894	11671	8787	79.8854087158985	79.8854087158985
E146136056	10250	9584	3678	33.4389003145401	33.4389003145401
E146133944	2785	3546	8189	68.2433895256995	68.2433895256995
E200425244	3101	22152	696	6.33043441862966	6.33043441862966
E146135171	6411	5986	2589	23.5381227092625	23.5381227092625
E146135199	12050	22276	7746	70.4234149299055	70.4234149299055
E146133812	10027	1531	2281	20.7433616996387	20.7433616996387
E146133943	6877	2785	5327	44.3947621827831	44.3947621827831
E146135323	6869	2211	1060	9.6379236748848	9.6379236748848
E146135181	10970	11258	7029	63.9043168735259	63.9043168735259
E146135180	8944	10970	3175	28.8711366467429	28.8711366467429
E200425242	1531	20059	3097	28.156239974036	28.156239974036
E200425245	3101	3245	7417	67.4344437829463	67.4344437829463
E146135172	5986	11211	6616	60.1509278216176	60.1509278216176
E200425243	2827	20059	223	2.03354370277817	2.03354370277817
E146133566	10250	11004	5729	52.0897668986594	52.0897668986594
E146135184	6875	2801	4838	43.9889581433652	43.9889581433652
E146190760	3459	11671	827	7.52639608796824	7.52639608796824
E146133839	368	3808	3408	34.0828401506771	34.0828401506771
E146133808	174	9739	8463	76.9414152992324	76.9414152992324
E146133819	9449	20057	3737	33.9752138561453	33.9752138561453
E146133561	6884	6907	5601	50.9185543423809	50.9185543423809
E146136057	9584	6894	2832	25.7467650034619	25.7467650034619
E146133814	2827	22152	3538	32.1717087220528	32.1717087220528
E146133818	9451	9449	7893	71.7558499768936	71.7558499768936
E146137956	6888	6902	8026	72.9649281744204	72.9649281744204
E481694094	2134	21845	489	4.44922464989572	4.44922464989572
E146135197	6886	6885	12776	116.145454933588	116.145454933588
E146132898	1053	9651	1624	13.5400371382613	13.5400371382613
E245609103	2817	6892	2823	25.6648703602363	25.6648703602363
E146136055	2134	10250	13461	122.378958588202	122.378958588202
E146135170	6871	6411	9865	89.6858372822512	89.6858372822512
E146133568	9660	8140	6830	62.0930282589332	62.0930282589332
E146135328	2808	9657	6736	61.2368099216885	61.2368099216885
E146135325	4653	1762	4027	36.6156171697447	36.6156171697447
E146138542	8210	8218	19160	159.673006502081	159.673006502081
E146133559	6874	2779	7733	70.3010872047559	70.3010872047559
E146137245	7376	3549	6337	57.6164827896449	57.6164827896449
E146135193	2801	6887	1943	17.6705979621679	17.6705979621679
E146137957	6902	6907	11799	107.271038742436	107.271038742436
E146136318	295	3245	3477	31.6119067476677	31.6119067476677
E146135321	11211	6888	7356	66.8772756398552	66.8772756398552
E146133811	9422	10027	4479	40.7254808344633	40.7254808344633
E146135195	6889	6880	4079	37.0820407824874	37.0820407824874
E146136315	6901	9347	8009	72.8120282610664	72.8120282610664
E146136059	3459	291	2930	26.6404326680772	26.6404326680772
E146133836	8211	8210	7925	79.2556588913225	79.2556588913225
E146133835	365	8211	5049	50.4999376209486	50.4999376209486
E146133809	9739	8517	5792	52.6630758782617	52.6630758782617
E146137958	6907	6897	9586	87.1507119861379	87.1507119861379
E146135179	10528	8944	1900	17.2736777710425	17.2736777710425
E245609091	1762	4684	5136	46.6928913477297	46.6928913477297
E146135194	6887	6889	4022	36.5719447498898	36.5719447498898
E146136051	6879	12640	15591	141.740480901171	141.740480901171
E146137246	3549	6895	4728	42.9844858488014	42.9844858488014
E146136317	8526	295	2893	26.3068858389684	26.3068858389684
E146135196	6880	6886	6870	62.4611141440256	62.4611141440256
E146136313	6876	11702	9472	86.1151382870079	86.1151382870079
E146135190	7196	12050	5374	48.8629826715387	48.8629826715387
E146133816	3245	11716	6489	58.9992316155009	58.9992316155009
E146135324	2211	4653	7173	65.2107681177894	65.2107681177894
E146133817	11716	9451	1996	18.1539080081899	18.1539080081899
E146133838	369	368	7099	70.997201288411	70.997201288411
E106	30001	2817	3410	31	31
E105	12640	30001	7700	70	70

EDGE	FROM N.	TO N.	T. COST
NrE200425255	9455	8522	3794
NrE245435321	8993	8282	702
NrE146151174	3833	20683	5636
NrE587955082	8158	11426	1246
NrE146190770	6360	6687	1189
NrE480919591	8282	21612	254
NrE445524723	326	327	1401
NrE146136355	7539	12277	25531
NrE587955086	3843	9657	827
NrE146134938	9580	11672	2519
NrE146132874	2808	6906	11433
NrE146193295	9649	3804	759
NrE276818324	186	12418	474
NrE146181192	10447	12348	3872
NrE523405427	6680	20487	610
NrE255034991	139	20030	426
NrE146151096	7765	10113	1905
NrE146181193	12348	431	5333
NrE245609102	7404	21228	925
NrE146181185	3112	11667	578
NrE245609105	9460	7791	19027
NrE146135459	4486	8427	1055
NrE245626970	3246	8518	4367
NrE146133498	8516	11716	6365
NrE146151148	6004	21114	6273
NrE146134228	3829	11006	6811
NrE146181227	10445	430	5988
NrE202478944	6903	297	1323
NrE480919620	8238	8204	9683
NrE146181191	10027	10447	2376
NrE255034981	8943	5487	6766
NrE481687766	2809	22109	7370
NrE480919588	6677	8275	1517
NrE255034994	162	116	2303
NrE146139249	525	11020	11877
NrE146195469	4567	140	5384
NrE255034988	9348	8281	2040
NrE146190774	12341	9028	2735
NrE200425264	7868	9455	222
NrE245609097	9741	4565	466
NrE202478942	6911	9585	2285
NrE200425247	1333	7562	4710
NrE146149315	8528	8266	7851
NrE146181201	171	20037	3263
NrE245609099	6418	6883	1187
NrE146136770	6895	6896	2881
NrE146183948	3834	1074	459
NrE146139271	2817	21846	2112
NrE146139206	8528	11625	8447
NrE523405430	4939	11920	683
NrE146181186	11667	7773	6281
NrE146181199	9334	174	4685
NrE200425256	5405	20056	239
NrE146133119	2823	8517	4306
NrE146183947	3834	11014	11140
NrE146134153	9660	9472	14701
NrE146137860	6976	9652	13639
NrE200425250	6901	8522	8264
NrE146151082	1052	20682	1889
NrE146190746	270	7030	2204
NrE146149228	8524	2294	2731
NrE146136132	7524	12277	8276
NrE200425246	1333	20206	377
NrE245609092	4684	9658	4395
NrE200425251	8522	3112	7549
NrE587955084	8230	10687	413
NrE146132701	6869	9081	1535
NrE146136893	6899	21313	4552
NrE146134528	3836	11005	9244
NrE245609089	11672	12049	5754
NrE146193966	11171	1054	877
NrE245609107	6896	21992	5261
NrE245609106	7791	7539	882
NrE245609101	6499	21228	4067
NrE146151084	426	384	1119
NrE146181217	113	154	8080
NrE200425253	6900	9579	2772
NrE486443017	10430	12792	488
NrE146138524	8519	6293	2850
NrE146150159	11625	9750	17869
NrE255034985	8263	21602	462
NrE146181218	154	327	13472
NrE146149144	8524	9750	7614
NrE146139245	10300	3839	803
NrE146133537	3246	9422	4063
NrE146136062	3549	22835	7729
NrE146137612	6893	12055	8665
NrE146134508	11775	827	1225
NrE146138342	3828	914	969
NrE240551660	3841	20686	6533
NrE202478940	8140	21575	1177
NrE200425257	292	20056	5891
NrE255034993	153	20035	1323
NrE146149124	3832	11020	4208
NrE146132707	299	289	7572
NrE522201224	11152	5620	7015
NrE480919625	6910	8530	2674
NrE445524724	147	326	383
NrE146135182	6881	6875	748
NrE146138525	6293	21185	2929
NrE587955088	11426	9657	1401
NrE146150209	10113	23164	5041
NrE146136070	11009	20416	1994
NrE146136916	11016	9653	5575
NrE146194453	10163	21847	609
NrE255034990	152	20030	5693
NrE146139247	11022	525	704
NrE146138155	11550	6912	958
NrE146147559	2294	11739	6107
NrE146190751	8128	7118	2150
NrE200425261	6900	5994	7752
NrE146181235	8432	5725	706
NrE146181214	164	163	4842
NrE480919621	8204	8158	5030
NrE480919590	8281	21612	4962
NrE146136135	7562	4910	1450
NrE523405425	5691	21041	640
NrE200425262	9452	3101	4084
NrE146133494	3352	22192	720
NrE146135454	9578	6884	8367
NrE146132989	3820	11012	6146
NrE146135759	8066	11002	8584
NrE146190757	8140	3356	12857
NrE146190768	297	6910	3240
NrE146139204	6293	9457	1694
NrE146181202	12418	20037	483
NrE587955085	8230	21575	4648
NrE146181210	430	5641	852
NrE146133118	8515	2823	5711
NrE481687767	2808	22109	506
NrE202478941	3112	6911	1453
NrE323109624	10115	20461	223
NrE146149136	11959	23102	25497
NrE146181241	162	20035	127
NrE245604093	7149	12054	3590
NrE245609100	6418	6499	2937
NrE146136049	7868	21499	5684
NrE146138814	9580	9579	3635
NrE146132875	6906	6899	416
NrE146193965	11168	11171	308
NrE146147313	319	20031	7847
NrE146181216	142	113	11851
NrE587955089	9657	3845	880
NrE146138807	11549	9460	445
NrE146150650	8266	8524	3991
NrE200425258	7867	9452	6559
NrE146137741	6898	3550	7215
NrE146148844	6912	11675	3302
NrE146134512	11157	750	9263
NrE245609104	6892	10313	3906
NrE323096223	6904	3352	3107
NrE146181200	174	171	5234
NrE255034996	9028	7564	2189
NrE245609108	1762	21992	1935
NrE146137744	3551	1403	5355
NrE146133554	5686	9650	4469
NrE146137254	3829	20681	3485
NrE146139205	9457	8528	9206
NrE481694093	4387	21845	3169
NrE146138523	11739	8519	9158
NrE146181189	5405	11259	2503
NrE146134937	6872	9580	5544
NrE146133569	8140	9727	6209
NrE486443018	10430	20064	3589
NrE245435316	8434	8432	938
NrE146151150	8102	21568	9858
NrE212379613	10311	11526	7482
NrE146135188	6411	7196	893
NrE146133876	11014	11007	8853
NrE146183945	10116	10115	10712
NrE146133552	8199	11002	4062
NrE146181220	173	11152	6804
NrE146135185	2119	6890	686
NrE276818325	186	9456	1694
NrE146190758	3356	9472	5663
NrE146190759	9472	3459	4426
NrE146138526	8432	21185	898
NrE212379612	6893	10311	1498
NrE523405428	3457	6685	718
NrE146133723	7271	10300	5151
NrE146190761	11671	21111	8009
NrE146183964	828	750	7354
NrE146138050	2841	11672	5100
NrE146138046	3352	6897	3218
NrE245778209	7149	9576	1001
NrE146183950	5710	8199	8224
NrE146134492	7980	3830	10360
NrE480919587	389	10445	572
NrE146183954	3356	12816	953
NrE200425263	9455	20058	3773
NrE146133548	8519	8266	8158
NrE202478943	9585	6903	7201
NrE146181197	11711	11258	7934
NrE146133560	2779	6884	641
NrE146195471	140	11677	12588
NrE146136131	7539	7524	17677
NrE146133572	12809	9650	3763
NrE146195464	1053	20158	15133
NrE200425259	8521	9452	4196
NrE146138051	11672	6900	3590
NrE146137240	12054	6902	5623
NrE146138660	10926	22742	6123
NrE587955083	10687	7980	612
NrE146181211	5641	3806	760
NrE315659647	173	147	1833
NrE480919589	8275	21610	410
NrE146190772	11246	6989	1270
NrE245435315	5725	21610	1007
NrE146181196	6360	11711	706
NrE245778141	11673	2211	698
NrE146195472	11677	146	5789
NrE245435345	242	270	16173
NrE200425266	292	20059	6430
NrE146151151	426	3806	15275
NrE146136133	12277	20206	11370
NrE200425249	5994	8569	3456
NrE146151205	427	384	787
NrE146136061	3551	3549	4472
NrE146183949	8199	1074	3716
NrE146133604	11005	7227	3600
NrE202478935	3838	9655	11057
NrE146150528	8219	21591	5532
NrE146138049	11702	2841	3527
NrE146148822	145	146	230
NrE146181213	11510	164	5215
NrE445524753	326	20064	415
NrE146181215	163	142	8901
NrE200425248	5994	21111	272
NrE245609090	12049	8569	1858
NrE245778207	9579	22277	4570
NrE146135110	6877	10309	858
NrE146137613	12055	21114	2113
NrE254243491	11014	10118	8214
NrE146133553	11002	5686	4520
NrE146193280	3804	20086	721
NrE146147314	145	20031	1514
NrE245435317	8434	21602	6503
NrE146181238	4567	8993	522
NrE146149125	9653	3832	5917
NrE146150398	384	20074	7523
NrE146194468	3351	10444	645
NrE146183955	12816	8195	1883
NrE200425265	292	20058	2591
NrE245778208	9584	22277	1928
NrE146134503	6499	6910	8932
NrE323096222	7404	6904	1442
NrE146183944	10115	4114	6482
NrE146134494	5686	5692	5254
NrE146133603	11013	11005	3985
NrE146134227	9652	3829	11608
NrE146134198	3500	22218	9074
NrE146139250	11020	20418	1910
NrE480919586	429	389	7625
NrE146190773	6989	12341	8999
NrE146150269	10444	426	1360
NrE146190763	8569	8284	5313
NrE202478936	9655	3836	5094
NrE323109623	11157	20461	3481
NrE146190750	3836	8128	966
NrE146181188	1321	5405	1007
NrE146181212	3806	11510	8089
NrE146132703	11526	21780	6724
NrE146190764	8284	6901	3180
NrE146135492	3247	9449	5183
NrE245778140	6908	11673	7167
NrE486443053	327	20065	4
NrE146183956	8195	8179	6040
NrE146183957	8179	3841	6619
NrE146183958	3841	11649	10832
NrE146183960	526	3837	5032
NrE146183961	3837	827	12526
NrE146183962	827	9160	27676
NrE146183963	9160	828	3899
NrE146190771	6687	11246	5408
NrE480919626	8530	6360	1645
NrE146135457	297	293	1174
NrE146135458	293	4486	4950
NrE146135460	8427	4565	6469
NrE146181187	7773	1321	2758
NrE146181190	11259	10027	3667
NrE146181198	11258	9334	6165
NrE245609098	9741	9739	4144
NrE245626969	8518	9585	8836
NrE146138052	2842	6894	6515
NrE146138472	10783	2841	4085
NrE146138473	2841	8284	7267
NrE146138702	8526	8516	5026
NrE146138703	8516	9450	3430
NrE146135150	3352	9585	8315
NrE146132702	9081	11526	5307
NrE146136748	12054	9578	3158
NrE146137742	3550	7377	5451
NrE146137743	7377	3551	5760
NrE146151149	2134	6004	1093
NrE146136771	6896	21312	6455
NrE202478937	7118	8238	1628
NrE146195340	8485	21663	590
NrE254243490	10118	10116	16556
NrE146134493	3830	5686	8117
NrE146136892	11019	6906	6080
NrE146136917	9653	11168	14459
NrE146138343	3828	5669	12018
NrE146150537	8442	22970	9930
NrE146183959	11649	526	1859
NrE146151173	8101	22902	8901
NrE146133680	4112	10904	13921
NrE146151172	1052	3822	5909
NrE101	21568	11013	4400
NrE108	21312	6892	1870
NrE107	22835	30001	1650
NrE102	12900	11157	5280
NrE146132706	7669	21843	6670
NrE146132815	3072	9059	787
NrE146132897	6977	1053	12848
NrE146133489	7281	11003	1998
NrE146133490	11003	7813	5286
NrE146133570	9727	5690	5166
NrE146133571	5690	12809	5305
NrE146133573	9650	3815	4656
NrE146133574	3815	11012	5006
NrE146133575	11012	10926	2167
NrE146133576	10926	11007	3378
NrE146133577	11007	11011	830
NrE146133578	11011	9640	5909
NrE146133676	9651	3822	18628
NrE146133677	3822	3825	346
NrE146133678	3825	8219	5529
NrE146133679	8219	4112	11560
NrE146133681	10904	7024	4609
NrE146133720	7118	7350	3293
NrE146133721	7350	7227	5944
NrE146133722	7227	7271	8950
NrE146133724	10300	11006	6641
NrE146133725	11006	7281	1797
NrE146133726	7281	11009	6250
NrE146133727	11009	3823	3489
NrE146133728	3823	3500	7369
NrE146133729	3500	3833	1262
NrE146133730	3833	7765	8790
NrE146133731	7765	7024	14570
NrE146134270	11008	7813	7380
NrE146134271	7813	3827	9711
NrE146134504	10461	6975	6181
NrE146134505	6975	9640	283
NrE146134506	9640	3794	5424
NrE146134507	3794	11775	269
NrE146135103	3823	3827	5451
NrE146135104	3827	20680	4246
NrE146135353	7669	9581	13538
NrE146135742	9160	12900	1310
NrE146137228	12525	9827	7837
NrE146137768	5710	8066	5326
NrE146137769	3830	8066	4218
NrE146137770	3830	5690	6668
NrE146137771	5690	914	3347
NrE146137772	914	3841	3227
NrE146137918	915	6977	13106
NrE146137920	6976	8102	2148
NrE146137921	8102	7271	14679
NrE146138192	11015	5692	1158
NrE146138193	5692	3815	2569
NrE146138194	3815	5669	3553
NrE146138195	5669	908	2101
NrE146138196	908	526	836
NrE146138666	10108	7688	4785
NrE146149511	7669	22678	11489
NrE146151095	4112	10904	13316
NrE287665473	7024	8917	14685
NrE287665474	8917	10108	658

ReA.	FROM N.	TO N.	T. COST	DEMAND	S. COST
A146133717	6492	7015	3488	31.7116970757825	31.7116970757825
A146181568	432	427	954	9.54820970419284	9.54820970419284
A146132893	12944	6870	561	5.10392156142729	5.10392156142729
A146135189	6885	7196	4023	36.5763095963424	36.5763095963424
A146132890	6879	6898	11077	100.705599078282	100.705599078282
A146135178	6360	6881	8033	73.0283184903081	73.0283184903081
A146193730	10450	3808	1826	18.2693206161619	18.2693206161619
A146133714	7376	7377	4817	43.7926492891856	43.7926492891856
A146132889	6898	11959	6785	61.6841284344455	61.6841284344455
A146136314	6901	11702	6842	62.2086721556391	62.2086721556391
A146135173	9576	11211	9038	82.1708171944983	82.1708171944983
A146181567	427	10444	595	5.95932566710399	5.95932566710399
A146132892	6870	9581	6162	56.0270151433124	56.0270151433124
A146135192	2801	12051	8967	81.5221202963598	81.5221202963598
A146133564	6872	6876	8639	78.5426786280674	78.5426786280674
A146138694	1403	6908	4816	43.7865742464126	43.7865742464126
A200425238	20058	7773	6332	57.5696598550174	57.5696598550174
A146135198	12050	6885	8715	79.2317573922393	79.2317573922393
A146135191	12051	10528	2202	20.0210202049433	20.0210202049433
A146181569	10448	432	658	6.58127052394227	6.58127052394227
A146181570	10450	10448	654	6.54063793233009	6.54063793233009
A146136316	8526	9347	715	6.50775871403113	6.50775871403113
A146135186	6887	6890	4390	39.913773227415	39.913773227415
A146194804	432	3808	2018	20.1861436321173	20.1861436321173
A146138153	10903	3548	13183	119.850846954056	119.850846954056
A146181571	10163	10450	835	8.35117820312453	8.35117820312453
A146138152	3548	6870	1970	17.9141652586726	17.9141652586726
A146133719	7118	10282	3587	32.6116397534921	32.6116397534921
A146138154	7015	10903	2753	25.0327871124918	25.0327871124918
A146133713	7377	10305	3730	33.9143707055356	33.9143707055356
A146133716	7015	12640	10078	91.6201004418836	91.6201004418836
A146181573	3804	10452	489	4.89461481905726	4.89461481905726
A146138693	6908	5986	11925	108.41383957971	108.41383957971
A146133562	6878	6907	4072	37.0220158958107	37.0220158958107
A146132894	7582	12944	2235	20.3211527503557	20.3211527503557
A200425240	8521	9447	2539	23.0906769915349	23.0906769915349
A146133945	9460	3546	4192	34.9408971546998	34.9408971546998
A146135176	6883	6874	7799	70.9063737761036	70.9063737761036
A146135175	6874	2119	2028	18.4397583466985	18.4397583466985
A146133563	6876	6878	10420	94.7347006070651	94.7347006070651
A146135168	6877	11959	5979	54.3552238027266	54.3552238027266
A146135183	12051	6875	4976	45.2395457885262	45.2395457885262
A146133712	10305	6871	9042	82.2005633562693	82.2005633562693
A146138691	6908	10305	10822	98.3880925906102	98.3880925906102
A146181566	10444	10451	716	7.16346183937654	7.16346183937654
A146181565	10451	3804	525	5.25413847073404	5.25413847073404
A146138695	6895	1403	3918	35.6229362752698	35.6229362752698
A146133460	9347	9446	7144	64.9486312867568	64.9486312867568
A146132891	9581	6879	9106	82.7866964350007	82.7866964350007
A146133718	10282	6492	1155	10.5077211208703	10.5077211208703
A146133565	10250	6872	9490	86.2783084060113	86.2783084060113
A146181572	10452	10163	535	5.35589661506973	5.35589661506973
A146133715	12640	7376	7216	65.6066821779903	65.6066821779903
A146135174	2119	9576	9523	86.5806296326522	86.5806296326522

ARC	FROM N.	TO N.	T. COST
NrA146194457	10420	324	2888
NrA146194646	8485	8487	265
NrA245435412	8446	527	3329
NrA445524739	10425	9654	15738
NrA522201206	5035	10024	598
NrA255035016	153	139	3651
NrA146138003	11768	3247	5159
NrA146135111	3550	10309	9121
NrA146137229	12523	9827	5665
NrA146134941	9451	9450	6067
NrA146181577	6685	11790	2169
NrA522201211	3802	4094	649
NrA146138048	11702	11674	11626
NrA564309443	672	4114	2075
NrA200425241	9446	8521	244
NrA245435411	527	10501	13317
NrA202478949	8018	7030	3532
NrA245435376	9656	8126	3330
NrA523405423	20918	5035	638
NrA146194005	1074	11171	6054
NrA146195270	7582	3840	2160
NrA255035028	22307	9348	295
NrA255035025	21670	8263	3152
NrA146194473	9456	312	487
NrA523405422	20918	116	3892
NrA255035021	5068	5487	4673
NrA146181579	11920	6684	612
NrA255035023	20462	5487	4698
NrA564309436	10677	750	2263
NrA146132779	8179	9727	9139
NrA146193297	11561	430	2541
NrA146193279	20086	431	778
NrA255035015	153	139	3639
NrA218464315	20400	10420	5787
NrA146194470	10455	430	2641
NrA146193283	5485	150	2306
NrA202478958	5720	8446	6880
NrA245435377	20684	3840	1378
NrA587955093	7980	3845	9231
NrA146193298	311	11561	7526
NrA146194469	429	3351	1165
NrA587955094	5710	3843	9461
NrA146194171	11022	3839	5428
NrA523405426	20487	7564	2972
NrA522201209	138	3801	689
NrA564309437	21663	10677	950
NrA146181578	6684	6685	608
NrA218464313	20675	5485	5819
NrA523405421	20648	111	622
NrA146193296	429	9649	1147
NrA146194452	21847	431	701
NrA146193281	7601	9456	2472
NrA522201226	4094	5620	2500
NrA146138004	291	11768	2148
NrA523405431	8943	4939	2566
NrA564309449	8488	4114	2015
NrA523405424	21041	7564	3045
NrA146195268	10447	1531	3451
NrA146135455	7404	2779	8614
NrA587955092	5710	3843	9462
NrA255035026	21670	9348	290
NrA146193566	10299	6182	263
NrA523405429	8943	3457	2607
NrA146193299	317	311	2736
NrA146195196	1054	11008	1750
NrA522201208	3801	37	583
NrA200425239	20058	9447	225
NrA146138047	11674	6897	3705
NrA146195047	1074	1054	6220
NrA146135456	297	7404	10001
NrA564309442	6182	672	1917
NrA245435414	20685	3838	332
NrA146195250	8442	526	1632
NrA202478956	10501	7030	3530
NrA146181581	10913	5691	542
NrA146181576	11790	4910	364
NrA146181582	6680	10913	543
NrA522201212	321	3802	669
NrA255035024	20462	6677	1117
NrA245435375	8126	8018	13322
NrA146149233	21846	11675	6553
NrA587955091	7980	3845	9299
NrA255035013	152	4567	2932
NrA146133100	8515	8427	3660
NrA254243501	7301	8487	9740
NrA522201207	37	5035	3269
NrA146195194	11022	3839	5496
NrA255035022	6677	5068	1110
NrA245435413	20685	5720	1443
NrA255035027	22307	8263	3209
NrA146193282	150	7601	15086
NrA146194172	11171	525	3039
NrA146133101	8518	8515	7209
NrA146135177	6881	6883	236
NrA146193300	9456	317	612
NrA146132876	11004	6899	5482
NrA146194471	320	10455	7823
NrA564309448	8485	8488	1943
NrA146194454	10019	9456	2448
NrA146181574	6361	6680	677
NrA522201203	319	321	2002
NrA522201223	321	5620	2492
NrA146181575	4910	6361	313
NrA146194472	312	320	2756
NrA245435378	20684	3838	345
NrA146181580	5691	11920	948
NrA146133117	11259	3246	4412
NrA146133538	11550	6492	6387
NrA146194455	318	10019	496
NrA146134940	9450	8569	7953
NrA522201210	4094	138	1712
NrA146194456	324	318	14181
NrA323109621	10116	4097	382
NrA523405420	20648	116	3767
NrA255035014	152	4567	2932
NrA146195269	320	318	2741
NrA522201205	10024	111	693
NrA522201204	111	319	1383
NrA146195195	11008	525	1124
NrA202478951	3840	9656	6993
NrA146133102	1321	8518	4316
NrA146133114	4565	9334	7524
NrA146133115	2823	4565	5216
NrA146133116	3246	2823	7556
NrA146138002	3247	9450	6178
NrA146132704	11674	6878	9560
NrA254243495	3424	10299	9687
NrA146137144	12472	9128	4974
NrA146137145	11775	12472	11275
NrA146194237	8442	526	1625
NrA103	3424	7301	1500
NrA146132708	290	289	5569
NrA146132709	915	290	6650
NrA146132814	9128	8252	5271
NrA146132816	12472	9059	4746
NrA146132895	3838	7582	1815
NrA146132896	6977	3838	20575
NrA146134426	289	9827	9785
NrA146134509	3072	6975	11851
NrA146134510	8252	3072	5486
NrA146134511	11157	8252	11733
NrA146135101	8101	3825	1187
NrA146135102	3823	8101	10607
NrA146135330	2809	4387	1738
NrA146135332	9658	10313	1824
NrA146137143	9128	12900	11601
NrA146137146	3837	3794	13055
NrA146137230	12530	12523	6257
NrA146137917	915	12530	9414
NrA146137919	6976	6977	7296
NrA146138656	290	12523	9925
NrA146194046	11015	1074	7722
NrA146195082	11015	1074	7584
NrA245609093	7886	9658	2273
NrA245609094	4387	7886	374
NrA245609095	11437	2809	377
NrA245609096	10313	11437	2309
NrA323109622	8252	4097	4517

